1 0 0 0 0 0 0
2   0.0012767 2.01606e-05 0.000134983 -0.00636014 -0.00637773 0.000349194
3  3.14086 -3.14131 -3.14109 -0.00281431  -0.0145284 -0.00258163
4  3.13972 -3.14132 -3.14102  -0.0110595  -0.0104645 -0.00527634
5   0.00115111  0.000434964 -0.000292913  -0.0217398 -0.00797006  -0.0101074
6   0.00130882  0.000877883 -0.000276157   -0.0155535 -0.000530369   -0.0169059
7  3.14099  3.14087 -3.14149 -0.00692344 0.000695816  -0.0186139
8  3.13602 -3.14139 -3.14123 -0.00995958 -0.00424089  -0.0202006
9  3.13089 -3.14107 -3.14153  -0.0318896 -0.00276997  -0.0192827
10  3.12139 -3.13986 -3.14095 -0.0699336 -0.0051621 -0.0141394
11  3.10932  -3.1407 -3.13943  -0.119666 -0.0156473 -0.0172496
12 3.10291 3.14005 3.14098  -0.182741 -0.0182078 -0.0407586
13  3.09756 -3.14025 -3.14085   -0.237264 0.000216315  -0.0160088
14  3.09079 -3.14079  -3.1408  -0.272637  0.0323772 -0.0193788
15  3.08365 -3.14125 -3.14048  -0.304729  0.0481183 -0.0221098
16  3.07661   3.1414 -3.14081  -0.341133  0.0479684 -0.0192496
17   3.0666 -3.14081 -3.14091  -0.369294  0.0384517 -0.0151506
18  3.05803 -3.14002 -3.14092   -0.380647   0.0300552 -0.00846516
19  3.04861 -3.13934  -3.1396   -0.391515   0.0178817 -0.00355555
20  3.03724 -3.13815 -3.13877  -0.415139  0.0252678 0.00836843
21  3.02334 -3.13828 -3.13854 -0.482796 0.0338837 0.0225756
22  2.99836 -3.13639 -3.13798  -0.503581 -0.0198384   0.038864
23  2.97377 -3.13459 -3.13887   -0.55477 -0.0677454  0.0541678
24  2.94465 -3.13385 -3.13805  -0.655825 -0.0630526  0.0734079
25  2.92559 -3.13322 -3.13848  -0.739699 -0.0456726  0.0840716
26  2.89911 -3.13165 -3.13831  -0.850767 -0.0356234  0.0950706
27  2.89911 -3.13165 -3.13831  -0.850768 -0.0356244  0.0950706
28  2.87002 -3.13095 -3.13959 -0.933423 0.0295354  0.111022
29  2.84886 -3.12978 -3.13911  -1.02967 0.0583811  0.118229
30   2.8239 -3.13107  -3.1383  -1.14118 0.0846947  0.128986
31  2.80058 -3.13266 -3.13842 -1.22441  0.12497 0.139133
32  2.77893 -3.12882 -3.13836 -1.24299  0.20437  0.14054
33  2.75255 -3.12875 -3.13851 -1.32903 0.253148 0.145321
34  2.72978 -3.12593 -3.13645 -1.45315 0.211047 0.166839
35  2.68739 -3.12564 -3.13622 -1.60404  0.26978 0.178769
36  2.65537 -3.12658 -3.13607 -1.73078 0.362924 0.186565
37  2.62706 -3.12585 -3.13657 -1.85143 0.421069 0.189904
38   2.6223 -3.12524 -3.13696 -1.97381 0.429801 0.189458
39   2.6395 -3.12441 -3.13739 -2.07875 0.409513 0.190022
40  2.67777 -3.12491 -3.13754 -2.19804 0.338127 0.193498
41  2.75896  -3.1248 -3.13743 -2.35667 0.104888  0.19713
42  2.88629  -3.1252 -3.13802  -2.49683 -0.251445  0.201046
43  3.02574 -3.12245 -3.13653  -2.50537 -0.594976  0.214292
44   0.030365 -0.0203675 0.00423983 -2.50875 -1.00497 0.219669
45   0.138705 -0.0243115 0.00132536 -2.51736 -1.35184 0.228633
46   0.204822 -0.0243715 0.00211642 -2.50936 -1.49002 0.223951
47   0.205007  -0.023701 0.00376926  -2.6169 -1.55356 0.216428
48    0.19279 -0.0238306 0.00283473 -2.68988 -1.52113  0.22781
49   0.176165 -0.0246998 0.00204192 -2.82923 -1.47503 0.236819
50   0.134874 -0.0287306 0.00208084 -3.10575 -1.39121 0.235265
51    0.11745  -0.035576 0.00377831 -3.28315  -1.2879   0.2337
52    0.102885  -0.0713915 0.000174954 -3.49941 -1.17705  0.13404
53   0.0802564  -0.0770458 0.000264443  -3.6963 -1.11558 0.111736
54  0.0543759 -0.0785593 -0.0010017  -3.78356 -0.994364  0.106665
55   0.0383765  -0.0823765 -0.00573029   -3.8011 -0.883248  0.116729
56  3.1319 -3.0657 3.13336   -3.9132 -0.711485  0.158931
57   3.0975 -3.10412  3.13263  -4.1508 -0.46732 0.319942
58  3.10056 -3.10277  3.13814  -4.34823 -0.494913  0.315011
59  3.12446 -3.10292  3.13977  -4.42322 -0.604183   0.32134
60  3.13979 -3.10466  3.13866  -4.54093 -0.668663  0.331192
61    0.011862  -0.0404842 -0.00314906  -4.67899 -0.689318  0.336597
62 0.00976539  -0.042066 -0.0036601  -4.77631 -0.690772    0.3404
63  3.13859 -3.10429  3.14048 -4.84072 -0.63441 0.345457
64  3.12439 -3.10391  3.14019  -4.92898 -0.543202  0.345724
65  3.11299 -3.10178  3.14086  -5.06018 -0.421794  0.340238
66  3.10472 -3.10406  3.14076  -5.16054 -0.338267  0.344119
67    3.088 -3.10294  3.14077  -5.28111 -0.255746  0.344502
68  3.08045 -3.10207  3.14114  -5.38729 -0.226922   0.34223
69  3.08691  -3.1009 -3.14132  -5.48371 -0.223857  0.335301
70  3.09908 -3.10051 -3.14128  -5.55913 -0.274852  0.333925
71  3.11949 -3.10023  3.14136  -5.64057 -0.369393   0.33471
72  3.13576 -3.09972  3.14065  -5.73247 -0.461638  0.337374
73 3.13605 -3.1011 3.14125  -5.82788 -0.446507   0.34037
74  3.12967 -3.10089  3.14122  -5.89372 -0.394748  0.341621
75  3.12345 -3.10105  3.14133  -5.95125 -0.361458  0.343618
76   3.1142 -3.10086 -3.14128  -6.04834 -0.306917  0.340405
77  3.10551 -3.10073 -3.14129  -6.14613 -0.239806  0.340688
78  3.09501 -3.09999 -3.14115  -6.26217 -0.161721  0.338126
79  3.08761 -3.09945 -3.14114   -6.36242 -0.0929737    0.33597
80  3.07991 -3.09912 -3.14115   -6.45352 -0.0185724   0.335627
81  3.06774 -3.09903 -3.14144  -6.59164 0.0757794  0.339589
82  3.05745 -3.09823  3.14132 -6.71926 0.149362  0.34013
83  3.04629 -3.09865 -3.14134 -6.83878 0.227372 0.342525
84  3.03714 -3.09883 -3.14107 -6.93627 0.308589 0.344086
85  3.02828 -3.09835 -3.14125 -7.02938 0.380052 0.343043
86  3.01765 -3.09845 -3.14132 -7.11905  0.46954 0.344535
87  3.00959 -3.09874 -3.14124 -7.19416 0.545007 0.346857
88  2.99999 -3.09896 -3.14116 -7.29835 0.629624 0.350574
89  2.99518 -3.09833 -3.14157 -7.45062 0.681892 0.352752
90  2.99683 -3.09824 -3.14109  -7.5791 0.681358 0.351025
91  2.99815 -3.09771 -3.14044 -7.72794 0.664615 0.347908
92  3.00118 -3.09736 -3.14046 -7.89338 0.650666  0.34624
93  3.00371 -3.09718 -3.14009 -8.03582 0.637207 0.345373
94  3.00783 -3.09672 -3.13997 -8.14862 0.609549 0.342419
95  3.00949 -3.09681  -3.1404 -8.21149 0.632709 0.343562
96  3.01376 -3.09655 -3.14061 -8.33292 0.606783 0.345386
97  3.01751 -3.09556 -3.14104 -8.49197 0.589112 0.343538
98  3.02209 -3.09609 -3.14139 -8.61343 0.561652 0.348338
99  3.02555 -3.09554 -3.14145 -8.74646 0.547241 0.346588
100  3.03898 -3.09533  3.14158  -8.8818 0.443157 0.346586
101  3.06333 -3.09494 -3.14148 -9.00721  0.24147 0.343063
102  3.08919 -3.09377  3.14116  -9.17962 0.0199309  0.337305
103  3.11165 -3.09363  3.14072  -9.30319 -0.171044  0.337681
104  3.13732 -3.09341  3.14088  -9.44301 -0.412784  0.336622
105   0.0203355  -0.0481554 -0.00119854  -9.56229 -0.641769  0.337758
106    0.024157  -0.0488152 -0.00138572  -9.70944 -0.686158  0.332643
107   0.0217485  -0.0483794 -0.00180114  -9.79662 -0.654246  0.336413
108   0.0163395  -0.0483881 -0.00187221  -9.89849 -0.595947  0.339448
109   0.0132743  -0.0489226 -0.00306391  -10.0118 -0.554951  0.339417
110    0.007987  -0.0490348 -0.00319432  -10.1342 -0.493394  0.339993
111  0.00287438  -0.0493822 -0.00323736  -10.2455 -0.438643   0.33796
112 3.13764 -3.0922 3.13938  -10.3856 -0.371033  0.334116
113   3.1307 -3.09215  3.13943  -10.4731 -0.300471  0.333085
114  3.1241 -3.0913 3.13912  -10.5727 -0.224755  0.324238
115  3.11745 -3.09073  3.13934   -10.688 -0.145584  0.319945
116  3.10805 -3.09042   3.1393   -10.8345 -0.0381278   0.319073
117  3.10117 -3.09007  3.13944  -10.9822 0.0479445  0.318078
118  3.09287 -3.08989  3.13914 -11.1135 0.146125 0.318497
119   3.0847 -3.08973  3.13914 -11.2311 0.242771 0.317042
120 3.07761 -3.0893 3.13935 -11.3702 0.326576 0.314264
121  3.06805 -3.08892  3.13931 -11.5342 0.442232 0.312897
122  3.05922 -3.08889   3.1393 -11.6758 0.557071 0.313009
123  3.05263 -3.08856  3.13874 -11.8462 0.648704 0.315147
124 3.04797 -3.0878 3.13864 -11.9688   0.7185 0.307643
125  3.05151 -3.08759  3.13855 -12.0993 0.674356 0.306759
126  3.07021 -3.08725  3.13844 -12.3115 0.451422 0.306795
127  3.08487 -3.08741  3.13754 -12.5089 0.250903 0.312948
128  3.10938 -3.08836  3.13803  -12.7303 -0.076663  0.321332
129   3.1073 -3.08897  3.13739   -12.9449 -0.0466583     0.3317
130  3.09478 -3.08978  3.13586 -13.1795 0.136013 0.348486
131  3.04782 -3.08914  3.13495 -13.3793 0.794555  0.34997
132  3.00591 -3.08853  3.13511 -13.5344  1.38157 0.343938
133  2.97991 -3.08772  3.13501 -13.7699  1.76492 0.337398
134  2.97352 -3.08772  3.13573 -13.9904   1.8581 0.337346
135  2.96706 -3.08903  3.13551 -14.1702  1.94502 0.357463
136  2.94716 -3.09088  3.13673 -14.2453  2.20197 0.379752
137  2.93661 -3.09185  3.13739  -14.315  2.35643 0.387629
138  2.95064 -3.09033  3.13601 -14.4927  2.20172 0.372006
139  2.96918 -3.08971  3.13679 -14.7025  1.94869 0.360944
140  3.01062 -3.08963  3.13699 -14.9655  1.33917 0.361311
141  3.05483 -3.08937  3.13729 -15.2876 0.693876 0.360368
142 3.09166 -3.0895 3.13722 -15.5661 0.133599 0.364289
143  3.11053 -3.08687  3.13573  -15.7462 -0.166711   0.32779
144  3.10274 -3.09091  3.13688   -15.9994 -0.0430179   0.397845
145  3.08966 -3.08949   3.1363 -16.1333 0.159594 0.382446
146  3.08127 -3.08954  3.13662 -16.2291 0.298959 0.383663
147  3.07093 -3.09067  3.13688 -16.2923 0.440493 0.397044
148  3.06846 -3.09008  3.13609 -16.4586 0.515274 0.392147
149  3.08405 -3.08974  3.13589 -16.6465 0.266904  0.38658
150 3.11135 -3.0896 3.13555  -16.8879 -0.183082  0.387485
151  3.12255 -3.08892  3.13546  -17.1954 -0.370454  0.380055
152  3.12233 -3.09061  3.13402  -17.4864 -0.371319  0.416227
153  3.11547 -3.09068  3.13373  -17.6864 -0.254899  0.421109
154  3.10632 -3.09046  3.13353   -17.8851 -0.0825764   0.417908
155   3.0974 -3.09023  3.13325  -18.1245 0.0867787  0.415438
156  3.09186 -3.08928  3.13388 -18.3551 0.200677 0.400812
157  3.08621 -3.08957   3.1344 -18.5333 0.296463 0.408451
158 3.07588 -3.0893 3.13475 -18.7894 0.497741 0.404638
159  3.06712 -3.08997  3.13435 -19.0609 0.676418 0.418587
160  3.05135 -3.09067  3.13356 -19.3855 0.968129 0.437954
161  3.04278 -3.09068  3.13386 -19.5848  1.13657 0.441954
162  3.03779 -3.09013  3.13413 -19.6692  1.25798 0.433897
163  3.03439 -3.08998  3.13432 -19.7641  1.33532 0.429968
164  3.03379 -3.09083   3.1351 -19.8769  1.35166 0.447649
165  3.02564 -3.09035  3.13571 -20.0475  1.52586 0.438427
166   3.0275 -3.09038  3.13573 -20.2928  1.49769 0.441264
167  3.04525 -3.09075  3.13563 -20.5882  1.15263 0.448355
168 3.06122 -3.0908 3.13565 -20.8434 0.839742 0.449317
169  3.07899 -3.09187  3.13609 -21.0709 0.478377 0.475217
170  3.09851 -3.09147  3.13725  -21.1289 0.0580894  0.474333
171  3.11817 -3.09076  3.13729 -21.1157 -0.35046 0.457736
172   3.1328 -3.09058  3.13696  -21.2517 -0.650757  0.456306
173   0.0105235  -0.0515004 -0.00456171 -21.4465 -1.05916 0.449325
174   0.0298529  -0.0517415 -0.00427408 -21.5158 -1.47441  0.44444
175  0.0440118 -0.0516515 -0.0034999 -21.6598 -1.79752 0.450267
176  0.0435197 -0.0518749 -0.0036402 -21.8755  -1.7764 0.447649
177   0.0383195  -0.0520068 -0.00405694 -22.1447 -1.64936 0.446335
178   0.0256061    -0.05267 -0.00480709 -22.3993 -1.34341 0.430702
179  3.13856 -3.08782  3.13587  -22.7166 -0.720932  0.416896
180  3.11222 -3.08822  3.13565  -22.9579 -0.108626  0.426838
181   3.0794 -3.08809  3.13618 -23.2179  0.65842  0.42374
182  3.03749 -3.08547   3.1348 -23.3926  1.61785 0.377972
183  2.99954 -3.08554  3.13528 -23.4392  2.51623 0.380388
184  2.95698 -3.08556  3.13554  -23.503  3.54068 0.380397
185  2.91103 -3.08515  3.13545 -23.5291  4.63973  0.37131
186  2.86945 -3.08543  3.13525 -23.5002  5.63696 0.377918
187  2.84102 -3.08546   3.1357 -23.5702  6.33298 0.379207
188  2.86117 -3.08495  3.13586 -23.9413  5.88668 0.363009
189   2.9169 -3.08501  3.13575 -24.4193  4.56318 0.362937
190  2.96144 -3.08471  3.13611 -24.7559  3.47652 0.354712
191  3.01446 -3.08444  3.13603 -25.0505  2.15582  0.34828
192  3.06149 -3.08395  3.13604 -25.2434 0.974784 0.335544
193   3.1118 -3.08397  3.13625  -25.4444 -0.312829  0.336903
194  0.00622548  -0.0582522 -0.00632706 -25.5549 -1.23973 0.323046
195   0.0227558  -0.0584549 -0.00660441 -25.6422 -1.66722 0.318961
196  0.0307026  -0.058748 -0.0066536 -25.7455 -1.87431 0.311161
197   0.0355352  -0.0589874 -0.00727732 -25.8563 -1.99508 0.305507
198   0.0388995  -0.0587216 -0.00739775 -25.9523 -2.07903 0.314804
199   0.0408162  -0.0588734 -0.00743335 -26.1131 -2.12132 0.313185
200   0.0405237  -0.0589324 -0.00760691 -26.2759 -2.10601 0.314147
201   0.0399484  -0.0591623 -0.00719973 -26.4968 -2.09144 0.310328
202   0.0402804  -0.0596417 -0.00686821 -26.7179 -2.09919 0.300877
203  0.0392695 -0.0602524 -0.0065914 -26.9099 -2.06708 0.285012
204    0.037577   -0.060287 -0.00661408  -27.195 -1.99489 0.283723
205   0.0367154  -0.0614959 -0.00767289 -27.4285  -1.9581 0.262422
206    0.036715  -0.0613515 -0.00770703 -27.4926  -1.9659   0.2674
207   0.0358705  -0.0612118 -0.00784459 -27.5322 -1.95474 0.272162
208   0.0397592  -0.0613519 -0.00797056 -27.6353 -2.05482 0.268525
209   0.0385741  -0.0617271 -0.00800649 -27.8263 -1.99969 0.259171
210   0.0396911  -0.0619607 -0.00804196 -27.9091 -2.02255 0.249947
211   0.0401029  -0.0632528 -0.00761389 -28.0872 -2.02743 0.215345
212   0.0397251  -0.0643091 -0.00745502 -28.3101 -2.00391 0.185264
213   0.0384637  -0.0646124 -0.00712012  -28.545 -1.94982 0.174241
214   0.0396127  -0.0656684 -0.00763792 -28.5936 -1.97255 0.143569
215   0.0409189  -0.0654691 -0.00778643 -28.6545 -2.00646 0.151014
216    0.040378  -0.0656021 -0.00773977  -28.764 -1.98342 0.145623
217   0.0404102  -0.0662143 -0.00776114 -28.9353 -1.96346 0.127351
218   0.0411984  -0.0663177 -0.00776395 -29.0715 -1.97133 0.123504
219  0.0409349 -0.0671421 -0.0077331  -29.2572  -1.96036 0.0999326
220   0.0423707  -0.0677214 -0.00775611 -29.4215 -1.97706  0.08232
221   0.0422488  -0.0681558 -0.00754918  -29.5887  -1.94976 0.0670305
222   0.0422488  -0.0681558 -0.00754918  -29.5887  -1.94976 0.0670305
223   0.0430319  -0.0682654 -0.00748246   -29.597  -1.97071 0.0629844
224   0.0423723  -0.0685698 -0.00750941   -29.642  -1.93184 0.0535745
225  0.0393564 -0.0690612 -0.0074823  -29.7523  -1.82426 0.0390617
226  0.0526074 -0.0704969 -0.0082924     -29.8415     -2.19876 -0.000795198
227   0.104717  -0.072582 -0.0077415    -29.833   -3.74597 -0.0667889
228    0.143737  -0.0726591 -0.00798112   -29.8561   -4.90494 -0.0684997
229    0.139021  -0.0736318 -0.00797069   -30.1338   -4.74313 -0.0998458
230    0.133037  -0.0740069 -0.00761135  -30.2579  -4.57244 -0.112962
231    0.128638  -0.0744151 -0.00776934 -30.3588 -4.44942 -0.12444
232    0.122329  -0.0740451 -0.00860688  -30.4367  -4.25727 -0.111208
233    0.119564  -0.0750538 -0.00820856  -30.5665    -4.161 -0.143975
234   0.113647 -0.0748568 -0.0102079  -30.7684  -3.95432 -0.130415
235    0.120866  -0.0755999 -0.00965239   -30.822  -4.18719 -0.156883
236    0.126862  -0.0759908 -0.00961221   -30.899  -4.38408 -0.170987
237    0.126858  -0.0759908 -0.00961277  -30.8989  -4.38394 -0.170989
238  0.0326719 -0.0819282 0.00022665  -31.6247  -1.42667 -0.422734
239   0.0147264  -0.0822055 0.000118944  -31.7274 -0.843986 -0.431001
240  0.00971079  -0.0824205 7.78501e-06    -31.82  -0.66621 -0.437383
241  0.00971077  -0.0824203 7.62629e-06  -31.8206 -0.666245 -0.437384
242  0.0861845 -0.0844356 0.00352477  -32.2788  -3.08033 -0.519592
243   0.119156 -0.0853136 0.00381194    -32.34  -4.14972 -0.551001
244   0.134947 -0.0860145 0.00339181  -32.4669   -4.6404 -0.573289
245   0.131312 -0.0868062 0.00374049  -32.6497  -4.52636 -0.601569
246  0.110384 -0.087296 0.0034806  -32.8687  -3.83956 -0.618194
247  0.0940762  -0.087973 0.00281935  -33.0583  -3.28896 -0.640261
248  0.0781679   -0.08843 0.00310423  -33.1592  -2.75675 -0.658442
249  0.0609623 -0.0887819 0.00324254  -33.3619  -2.17553 -0.667229
250  0.0506871 -0.0888686  0.0028711  -33.4996  -1.81633 -0.667326
251  0.0545121 -0.0891287 0.00219289   -33.562   -1.9436 -0.673291
252  0.0675386 -0.0898663 0.00206934  -33.6887  -2.39309 -0.696958
253  0.0836345 -0.0906558 0.00221047  -33.7725  -2.92325 -0.726715
254   0.100621 -0.0914762 0.00275076  -33.8878  -3.48951 -0.755765
255   0.119453 -0.0918123 0.00254619 -34.0371 -4.11299 -0.76657
256   0.138926 -0.0923906 0.00246025  -34.1023  -4.78029 -0.786682
257    0.15861 -0.0932091  0.0029928 -34.1222 -5.46149 -0.81991
258    0.16254 -0.0937433 0.00244638  -34.2312  -5.59669 -0.839848
259   0.158729 -0.0950199 0.00206225  -34.4468  -5.45115 -0.886949
260   0.151549 -0.0959543  0.0018206 -34.6362 -5.20034  -0.9212
261   0.145754 -0.0967616 0.00209495 -34.7683 -5.00628 -0.95133
262   0.136744 -0.0970319 0.00225573  -34.9016  -4.69306 -0.961041
263     0.1309 -0.0973041 0.00174789  -35.0518   -4.4856 -0.970442
264   0.122291 -0.0977571 0.00150563  -35.2097  -4.17946 -0.985799
265   0.115959 -0.0985913  0.0024838 -35.3581 -3.94908 -1.01696
266   0.106014 -0.0982642 0.00190946 -35.5293 -3.59772 -1.00397
267  0.0975597 -0.0989139 0.00301078 -35.7183 -3.30927 -1.02485
268  0.0888821 -0.0990663 0.00297031 -35.8559 -2.98467 -1.02958
269  0.0825038 -0.0994507 0.00274003 -36.0176 -2.74858 -1.04182
270  0.0793967  -0.100064 0.00328176 -36.1764 -2.62049 -1.06242
271  0.0915545  -0.100505 0.00360869 -36.2773 -3.05314 -1.07917
272   0.112508  -0.101193 0.00325048 -36.3468 -3.80387 -1.10436
273   0.134312  -0.101465 0.00412558 -36.3689 -4.59988 -1.11835
274   0.156558  -0.101672 0.00372408 -36.4021 -5.40157 -1.12823
275  0.178259 -0.102045 0.0034782 -36.4627 -6.17974 -1.14014
276    0.20022  -0.102515 0.00360207 -36.4435 -6.98046 -1.15991
277   0.224498   -0.10261 0.00326371 -36.4018 -7.87456 -1.16532
278   0.242754  -0.102869 0.00340953 -36.3461 -8.55142 -1.17494
279   0.264701  -0.103681 0.00331677 -36.3387 -9.34749 -1.20632
280   0.289578  -0.104023 0.00297948 -36.2755 -10.2603  -1.2214
281   0.310506  -0.104352 0.00246795 -36.2764 -10.9965 -1.23233
282    0.33242  -0.103295 0.00228524 -36.2091 -11.8004 -1.19064
283   0.349939  -0.103749 0.00117509 -36.1555 -12.3964 -1.20835
284   0.368239  -0.103795 0.00129865  -36.097 -13.0526 -1.21244
285    0.39409  -0.103556 0.00228701 -35.9621 -14.0136 -1.20042
286   0.414645  -0.103926 0.00185858 -35.8246 -14.7443 -1.21494
287    0.435907   -0.103921 0.000777791 -35.6671  -15.484 -1.21587
288     0.458597    -0.102625 -0.000712031 -35.4729 -16.3007 -1.15708
289     0.476211    -0.103463 -0.000998793 -35.3047  -16.913 -1.19378
290    0.491715   -0.104217 -0.00100589 -35.1391 -17.4836 -1.22404
291    0.491715   -0.104217 -0.00100676 -35.1397 -17.4839 -1.22406
292  0.568243 -0.109431 0.0275261  -33.453 -20.1704 -1.47785
293  0.637758 -0.109928 0.0271866 -32.1159 -22.4637   -1.499
294  0.729428 -0.110117 0.0269564 -30.1029  -25.335 -1.50873
295   0.85428 -0.110875  0.026092 -26.8934  -28.922  -1.5366
296  0.995211  -0.11138 0.0258865 -22.7685 -32.4518 -1.55577
297   1.11634 -0.111203 0.0252437 -18.8554 -34.9816  -1.5453
298    1.2164 -0.112349 0.0251679 -15.3693 -36.6618 -1.58552
299   1.30505 -0.111182 0.0249601 -12.1607 -37.8915 -1.54275
300    1.3978 -0.111455 0.0245112 -8.72668  -38.885 -1.55879
301   1.44521 -0.111632 0.0235929 -7.05235 -39.2809 -1.56368
302   1.47381 -0.110995 0.0226976 -6.10556 -39.5099 -1.54038
303   1.49094 -0.111566 0.0206831 -5.59503 -39.6313 -1.56198
304   1.49912 -0.112165 0.0203699 -5.39601 -39.6956 -1.58376
305   1.50733 -0.111983 0.0203408 -5.17203 -39.7663 -1.58006
306    1.5104 -0.111742 0.0200502 -5.19234 -39.8079 -1.57254
307   1.51083 -0.111633 0.0190219 -5.27856 -39.8266 -1.56948
308   1.51129 -0.112015 0.0181669 -5.37002 -39.8462 -1.58825
309   1.51042 -0.112059 0.0181419 -5.52959 -39.8435 -1.59131
310   1.50729 -0.111638   0.01796  -5.7668 -39.8266 -1.57508
311   1.50143 -0.111328 0.0169909 -6.17235 -39.7737  -1.5592
312   1.49691 -0.111085 0.0166804  -6.4828 -39.7479 -1.54942
313    1.4902 -0.111758  0.016383 -6.84349 -39.7109 -1.57605
314   1.48214 -0.112408 0.0162194 -7.30693 -39.6742 -1.60467
315   1.47414 -0.112744  0.015805 -7.74652 -39.6309 -1.62084
316   1.46907 -0.112797 0.0156471 -8.04625 -39.5843 -1.62207
317    1.4614 -0.112617 0.0153529 -8.47953 -39.5219 -1.61431
318   1.45438 -0.112376 0.0152827 -8.88826 -39.4481 -1.60394
319   1.44757  -0.11253 0.0150713 -9.26692 -39.3735 -1.60814
320    1.4391 -0.112409 0.0145165 -9.71515 -39.2947 -1.60547
321   1.43288 -0.113145 0.0142178 -10.0855 -39.2355 -1.63403
322   1.42679 -0.113173 0.0140357 -10.4301 -39.1736 -1.63527
323   1.42077   -0.1134 0.0138742 -10.7792 -39.1035 -1.64384
324   1.41683 -0.113471 0.0136502 -11.0528 -39.0558 -1.64566
325   1.41611 -0.113633 0.0132422 -11.1872 -39.0362 -1.65081
326   1.41513 -0.113571 0.0129853 -11.3183 -39.0183 -1.64773
327   1.41623 -0.113763 0.0127869 -11.3719 -39.0235 -1.65603
328   1.41908  -0.11395 0.0125003 -11.3856 -39.0506  -1.6624
329   1.42011 -0.113904 0.0117702 -11.4999 -39.0544 -1.66019
330   1.42377 -0.114631 0.0116092 -11.5454  -39.093  -1.6827
331   1.42543 -0.114342 0.0111775 -11.6534  -39.105 -1.67272
332   1.42685 -0.114592 0.0108871 -11.7218  -39.113 -1.68197
333   1.43075 -0.115087 0.0123252 -11.7068 -39.1542 -1.69083
334   1.43343 -0.113984 0.0121917 -11.6919 -39.2205 -1.64629
335   1.43664 -0.114432  0.012254 -11.6317  -39.265 -1.66288
336   1.43968 -0.114512 0.0121048 -11.5538  -39.304 -1.66628
337   1.44564 -0.110905 0.0128906 -11.3979  -39.328 -1.51629
338   1.44146 -0.111118  0.011674 -11.6742 -39.2553 -1.52722
339   1.43844 -0.112152 0.0112154 -11.9433 -39.2125 -1.56932
340   1.43666 -0.112661 0.0109676 -12.1634 -39.1874 -1.58833
341    1.42649  -0.115306 0.00954187 -12.7318 -39.0615 -1.69691
342    1.42162  -0.115376 0.00986347 -13.0635 -38.9898 -1.69714
343    1.41594  -0.114937 0.00955375 -13.4537 -38.9008  -1.6798
344    1.40658  -0.115152 0.00962899 -13.9748 -38.7502 -1.68754
345     1.3841  -0.114422 0.00936716 -14.9274 -38.4444 -1.65961
346    1.37265  -0.114918 0.00892085 -15.5279 -38.2589 -1.68494
347   1.37159 -0.114713 0.0104988 -15.6712 -38.2358 -1.66801
348   1.38157 -0.113739 0.0102688 -15.3358 -38.3783 -1.63179
349   1.39446 -0.114362 0.0108422 -14.8844  -38.575 -1.65081
350   1.41025 -0.114161 0.0120593  -14.339 -38.8059 -1.63617
351   1.42927 -0.113159 0.0130746 -13.6414 -39.0883 -1.59052
352   1.45003 -0.112455 0.0107855 -12.8123  -39.373 -1.57581
353   1.46966 -0.112247  0.011598 -12.0598 -39.6165 -1.56418
354   1.49989 -0.111204 0.0125172 -10.8351 -39.9888 -1.51837
355   1.54127 -0.109193 0.0115142 -9.08324 -40.4603 -1.45169
356   1.57882 -0.107291 0.0115417 -7.39256 -40.8404 -1.39037
357   1.59589 -0.105593 0.0112657  -6.5901 -41.0201    -1.34
358   1.56961 -0.101715 0.0127724 -7.67077 -40.9081 -1.17376
359    1.54844 -0.0989861  0.0125012 -8.43826 -40.7965 -1.07444
360     1.5065  -0.165332 0.00700646 -10.0924 -40.2842 -3.78086
361   1.46495 -0.229896 0.0254248 -11.6374 -39.5637 -6.17672
362   1.43158 -0.261526 0.0440326 -12.8985 -39.0054 -7.24281
363   1.40459 -0.263713 0.0469422 -13.9937  -38.644 -7.29856
364   1.38018 -0.264042 0.0488993 -14.9157 -38.3041 -7.29074
365   1.36243 -0.263767  0.048093 -15.5243 -38.0463 -7.28503
366   1.33653 -0.261528  0.048841 -16.3067 -37.6916 -7.19604
367   1.30695 -0.259927 0.0469991  -17.174 -37.2169  -7.1389
368  1.26235 -0.25986  0.04657 -18.9916 -36.3714 -7.12802
369   1.24194 -0.258779 0.0445513 -20.0383 -35.9636 -7.08616
370   1.24405 -0.257992  0.039448 -20.3677 -36.0195 -7.06788
371   1.24931 -0.258385 0.0383475 -20.5647 -36.1004 -7.09408
372   1.26438 -0.257291 0.0389189 -20.3054 -36.4268 -7.03214
373   1.29383  -0.25723 0.0388142 -19.4147 -37.0085 -7.02866
374   1.33302 -0.257379 0.0390595 -18.1746 -37.7477 -7.03287
375   1.38254 -0.256934 0.0392642 -16.5074 -38.5999  -7.0149
376   1.43956 -0.256014 0.0391435 -14.4987 -39.4958 -6.97814
377   1.48741  -0.25597 0.0397169 -12.7988 -40.1652 -6.96808
378   1.52342 -0.256122 0.0403461  -11.488 -40.6346 -6.96951
379   1.53492 -0.255389  0.040257 -11.2204 -40.7868 -6.94076
380   1.52125 -0.255245 0.0409443 -11.8327 -40.7016 -6.92191
381   1.51996  -0.25644 0.0397988 -11.9681 -40.6829 -6.97835
382   1.51228 -0.257054 0.0378542 -12.3952 -40.5903 -7.01738
383   1.50568 -0.258585 0.0393917 -12.7971 -40.5346 -7.07149
384   1.48896 -0.257459 0.0388966 -13.5444 -40.3367  -7.0223
385   1.47028 -0.255719 0.0385679 -14.3589 -40.1044 -6.95072
386   1.45568 -0.255782 0.0388563 -15.0204 -39.9055 -6.95303
387   1.44222 -0.255709 0.0379972 -15.6511 -39.7173 -6.95851
388   1.42957 -0.255773 0.0377766 -16.2044 -39.5236 -6.96387
389    1.4174 -0.255783 0.0362465  -16.716 -39.3253 -6.97599
390   1.41509 -0.255419 0.0349395 -16.8715 -39.2954 -6.97184
391   1.41897 -0.254453 0.0321955 -16.8065 -39.3582  -6.9559
392   1.43021 -0.254841 0.0318204 -16.4172 -39.5527 -6.97433
393   1.46145 -0.255147 0.0310106 -15.2593 -40.0244  -6.9905
394   1.49299 -0.254126 0.0305018 -14.0352 -40.4976 -6.96752
395   1.52521 -0.254416 0.0306579 -12.7984 -40.9214 -6.97576
396   1.56709 -0.256456 0.0308591 -11.1429 -41.4274 -7.05857
397   1.62015 -0.255309 0.0312209 -9.05887 -41.9475 -7.00298
398   1.68447 -0.254912  0.029235 -6.48964 -42.4652 -7.00786
399   1.77941 -0.252855 0.0286387 -2.55988 -42.9285 -6.92894
400   1.86923 -0.252067 0.0289102  1.14272 -43.0322 -6.89473
401   1.97595 -0.251022 0.0283703  5.56036 -42.7106 -6.86056
402   2.06948 -0.246528 0.0299604  9.39889 -42.1183 -6.65438
403   2.18938 -0.246175 0.0398063  14.2577 -40.7818 -6.53969
404   2.30731 -0.240935 0.0478461  18.7364 -38.9404 -6.23691
405   2.44772 -0.236367 0.0462691  23.6198 -35.9751 -6.06028
406   2.56763 -0.235379 0.0474269  27.4275  -32.969 -5.99509
407   2.62763  -0.23433 0.0469151  29.2193 -31.3091 -5.95281
408   2.82669 -0.234189 0.0499496  34.3265 -24.8953 -5.88889
409   2.85313 -0.234397 0.0499958  34.6464 -23.9651 -5.88809
410   2.77392 -0.235587 0.0507387  32.3909 -26.5862 -5.91932
411   2.69352 -0.234249 0.0512476  29.7838  -29.057 -5.85282
412   2.65477 -0.232158 0.0511955  28.2493  -30.128 -5.75904
413   2.61926  -0.23332 0.0506647  26.8976 -31.1204 -5.79842
414   2.59419 -0.233425 0.0515854  25.8826 -31.7641 -5.78589
415   2.57838 -0.233892 0.0515773   25.117 -32.1189 -5.79925
416   2.55988 -0.234033 0.0520299  24.2851 -32.5614 -5.79582
417   2.56055 -0.234317 0.0525375  24.1009 -32.5362 -5.79822
418   2.57929 -0.234378 0.0531591  24.4441  -32.073 -5.79087
419   2.60381 -0.235288 0.0530645  24.9514 -31.4585 -5.82461
420   2.63333 -0.236165 0.0526522  25.6006 -30.6965 -5.86317
421   2.65904 -0.237241 0.0521826  26.1027 -30.0277 -5.90811
422    2.6912 -0.237139 0.0516322  26.7701 -29.1624 -5.91076
423   2.71997 -0.237757 0.0522313  27.3681 -28.3752 -5.92124
424   2.75117  -0.23777 0.0524592   27.962 -27.5099 -5.91645
425   2.77077 -0.238227 0.0531279  28.2252 -26.9566 -5.92161
426   2.75927 -0.238479 0.0528444  27.6646 -27.2725 -5.93069
427   2.71747 -0.239947 0.0525162  26.2252 -28.3815 -5.98336
428   2.65023   -0.2409 0.0532903  23.9677 -30.0548 -5.99883
429   2.57356   -0.2421 0.0541644  21.3489 -31.7847 -6.01632
430   2.52017 -0.242766 0.0551519  19.3925 -32.8652 -6.02319
431    2.5111 -0.243055 0.0556203  18.9402 -33.0201 -6.02518
432   2.52958 -0.242784 0.0555933  19.3974 -32.6539 -6.01594
433   2.55764 -0.243337 0.0555524  20.1384 -32.0743 -6.04002
434   2.57268 -0.243585 0.0550996  20.4118 -31.7602 -6.05081
435   2.59085 -0.243633 0.0551821  20.8274 -31.3849 -6.04709
436   2.60625 -0.244025 0.0555597  21.1128 -31.0672 -6.04892
437   2.62175 -0.244005 0.0558211  21.4378 -30.7278 -6.04255
438   2.63435 -0.244196 0.0567887  21.6769 -30.4401 -6.03392
439   2.65084 -0.243698 0.0574427  21.9927  -30.053 -6.00261
440    2.6697 -0.244015 0.0567011  22.3815 -29.6237 -6.02067
441    2.6847 -0.245006 0.0569743  22.6987 -29.2837 -6.04875
442   2.69942 -0.245106 0.0577021  23.0147 -28.9405 -6.03645
443   2.71518 -0.245466 0.0589787  23.2823  -28.569 -6.01717
444   2.73293 -0.245669 0.0593052  23.7704 -28.1738 -6.01472
445   2.74445 -0.245729 0.0600023  23.9703 -27.8984 -6.00312
446   2.76071 -0.246118 0.0619536  24.3093 -27.5189 -5.97645
447   2.77055 -0.246099 0.0661856  24.4521 -27.2997 -5.89194
448   2.75054 -0.245676 0.0694061   23.774 -27.7967 -5.81434
449   2.71641 -0.244865  0.071479  22.6395 -28.5923 -5.74368
450   2.65743 -0.243595 0.0752982  20.8121 -29.8588 -5.62577
451   2.62007  -0.24144 0.0763516  19.4996 -30.6086 -5.52363
452   2.60397 -0.241026 0.0775353  18.8274 -30.9081 -5.48076
453   2.59168 -0.240011 0.0798549  18.1863 -31.1075 -5.39585
454   2.56564 -0.240176  0.081399  17.0903 -31.5371 -5.36573
455   2.53476    -0.241 0.0833556  15.8058 -32.0142 -5.34516
456    2.4937 -0.240374 0.0837062  14.2849 -32.6023 -5.30786
457    2.4553 -0.240289 0.0842143  12.8888   -33.07 -5.28809
458   2.42327 -0.240536  0.084779   11.701 -33.4181 -5.28353
459   2.38963 -0.239858 0.0846587  10.4752 -33.7361 -5.25635
460   2.36269 -0.240193 0.0849024  9.49164  -33.954 -5.25919
461   2.34033 -0.240329 0.0837354  8.58525 -34.1082 -5.28101
462   2.31382 -0.239753 0.0838985  7.46274 -34.2822 -5.25108
463   2.31722 -0.240795 0.0843758  7.34553 -34.1943 -5.27199
464   2.38778 -0.241333 0.0842251  9.43436 -33.5743 -5.28327
465   2.47586  -0.24117 0.0851138  12.0641 -32.5998 -5.25175
466   2.55074 -0.240823 0.0858737  14.1535 -31.5745 -5.22102
467   2.60984 -0.241466 0.0872175  15.7029 -30.6744 -5.20983
468   2.62462 -0.240354 0.0874894  15.8549 -30.4376 -5.16571
469   2.59408 -0.241862 0.0876275  14.5778 -30.8831 -5.20611
470   2.55003 -0.243389 0.0891695   12.853 -31.4757 -5.21781
471   2.53658 -0.244976 0.0900575  12.1094 -31.6159 -5.24365
472   2.52277 -0.246066 0.0911469  11.4107 -31.7513 -5.25201
473   2.49411 -0.246805 0.0918294  10.2129 -32.0235 -5.25847
474   2.49391 -0.246992 0.0926311  9.88654  -32.006 -5.23813
475   2.50282 -0.247262 0.0930393  10.0183 -31.8862 -5.23709
476   2.53123 -0.247306 0.0954133  10.6524 -31.5689 -5.18455
477   2.55712 -0.247137 0.0962602  11.2179 -31.2705   -5.159
478   2.59689 -0.244918 0.0985927   12.291 -30.8286 -5.03676
479  2.62723 -0.24436 0.102076  13.0277  -30.444 -4.94401
480    2.6478 -0.243861  0.104945  13.5272  -30.201 -4.86658
481   2.64898 -0.243546  0.107064  13.3076 -30.1912  -4.8076
482   2.63874 -0.242609  0.110377   12.711   -30.32 -4.70415
483   2.62827 -0.241424  0.112609  12.2931 -30.4794 -4.61999
484  2.61834 -0.24124 0.113859  11.8556 -30.6067 -4.58684
485   2.60667 -0.241174  0.114236  11.2925 -30.7464 -4.57438
486   2.59395 -0.241278  0.114808   10.798  -30.911 -4.56298
487   2.58263 -0.240829  0.115915  10.3807 -31.0315 -4.52485
488   2.57207 -0.240918   0.11637  9.94571 -31.1407 -4.51653
489   2.55594 -0.240269  0.118077  9.28023 -31.2805 -4.45682
490   2.52993 -0.240562  0.118895  8.37654  -31.505 -4.44393
491   2.51331 -0.240819  0.118877  7.74339 -31.6452 -4.44916
492   2.49751 -0.240862   0.12017  7.04516 -31.7356 -4.41621
493    2.5065 -0.241213  0.121077  7.12439 -31.6589 -4.40067
494  2.52314 -0.24145  0.12277  7.39705 -31.5394 -4.36089
495   2.51734 -0.240838  0.125636  7.02992 -31.5686 -4.27327
496   2.50018 -0.240092  0.126822   6.2801 -31.6743 -4.22271
497   2.48982 -0.239432  0.128942  5.75173 -31.7308 -4.15013
498   2.47542 -0.239059  0.130725  5.06329 -31.7928 -4.09423
499    2.4621 -0.239984   0.13148  4.44172 -31.8475 -4.09251
500   2.44583 -0.239493  0.132786  3.68754 -31.8979 -4.04471
501   2.43754 -0.239205  0.134897  3.14696 -31.8958 -3.98608
502   2.46688 -0.240697  0.135868  3.78887 -31.7754 -3.99578
503   2.49414 -0.239705    0.1359  4.39147 -31.6718 -3.96204
504   2.51256 -0.240419  0.136758  4.69083 -31.5697 -3.95494
505   2.52811 -0.241416  0.135746  4.86054 -31.4703 -3.99775
506   2.53207 -0.242048  0.136435  4.76995 -31.4521 -3.98541
507   2.53507 -0.242355  0.135341  4.58797 -31.4183 -4.01764
508    2.5226 -0.242025  0.135166  3.92706 -31.4512  -4.0129
509   2.50256 -0.239443  0.139072  3.01457 -31.5208  -3.8403
510   2.48376 -0.238836  0.139368   2.1258 -31.5494 -3.81363
511    2.4682 -0.239023  0.140394  1.43533 -31.5607 -3.78965
512    2.4435 -0.237933  0.140399 0.410251 -31.5762 -3.76035
513   2.41999 -0.239213  0.140003 -0.581104  -31.5599  -3.79371
514   2.39323 -0.241181   0.14045 -1.71131 -31.5069 -3.82592
515  2.35752 -0.24544 0.140055  -3.1565 -31.3989 -3.92496
516    2.3144 -0.242809   0.13872 -4.72023 -31.1978 -3.88818
517   2.28612 -0.243479  0.138763 -5.76738 -31.0238 -3.89859
518   2.24881 -0.243827  0.137993 -7.14911 -30.7426 -3.91724
519   2.23615 -0.244937  0.138581 -7.70868 -30.6271 -3.92126
520   2.27071 -0.245224  0.138132 -6.87905 -30.8527 -3.93327
521   2.30846 -0.245493  0.136948 -5.95845 -31.0645    -3.96
522    2.3437 -0.246436  0.137355 -5.04552 -31.2428 -3.96609
523   2.38648 -0.246821  0.136321 -3.99669 -31.4252 -3.99318
524   2.39927 -0.247108  0.136714 -3.85055 -31.4603 -3.98441
525   2.41112 -0.248366  0.137568 -3.73664 -31.4905   -3.983
526    2.4222 -0.249141  0.138262 -3.67049 -31.5286 -3.97493
527    2.4325 -0.249303  0.138239 -3.62594 -31.5638 -3.97494
528   2.43997 -0.248962  0.139145 -3.67067 -31.5704 -3.94377
529   2.44672 -0.248869   0.13861 -3.69892 -31.5877 -3.94922
530  2.45448 -0.24915 0.139206 -3.69788 -31.6104 -3.93735
531   2.46223 -0.249032  0.140226 -3.76155 -31.6187  -3.9072
532   2.47141 -0.249824   0.14105 -3.72936 -31.6523 -3.89824
533    2.4809 -0.250595  0.142006 -3.70707 -31.6798  -3.8835
534    2.4929 -0.251902  0.141616 -3.58027 -31.7117 -3.91154
535   2.50143 -0.252671  0.141655 -3.58876 -31.7287 -3.91854
536   2.50902 -0.252553  0.141289   -3.518 -31.7687 -3.92431
537   2.51018 -0.252556  0.140494  -3.6879 -31.7859 -3.94279
538   2.49658 -0.251092  0.140059 -4.30522 -31.7342 -3.93214
539   2.48026 -0.250589  0.140263 -5.01854 -31.6454 -3.91883
540   2.46031 -0.250226  0.140904 -5.82324 -31.5497 -3.89298
541   2.46031 -0.250226  0.140904 -5.82325 -31.5497 -3.89298
542   2.45649 -0.250196  0.141217 -5.98744 -31.5238 -3.88253
543   2.44402 -0.251157  0.142306 -6.52273 -31.4557 -3.86408
544   2.42624 -0.251792  0.142998 -7.27575 -31.3178 -3.84875
545   2.40904 -0.251898   0.14368 -7.96519 -31.1993 -3.83133
546   2.39481 -0.252039  0.143482 -8.58076 -31.0889 -3.83645
547   2.37606 -0.252174   0.14328 -9.37231 -30.9111 -3.84181
548   2.35547 -0.251878  0.142883 -10.2607 -30.6912 -3.84246
549   2.34567 -0.251944  0.142945 -10.6449 -30.5865   -3.842
550   2.31599 -0.254692  0.141733 -12.2344  -30.199 -3.90403
551   2.30414 -0.253802  0.142429 -12.8609 -30.0283 -3.86746
552   2.28944 -0.253345  0.142508 -13.4961 -29.8251 -3.85948
553   2.27231 -0.253339   0.14229 -14.1126 -29.5798 -3.86507
554    2.2523 -0.253275  0.142399  -14.901 -29.2865 -3.85917
555   2.24255 -0.252904  0.142785 -15.3812  -29.126 -3.84304
556    2.2472 -0.252655  0.142751 -15.4071 -29.1944 -3.83717
557   2.25139 -0.252902  0.142614 -15.4391 -29.2636 -3.84519
558   2.25883 -0.252464   0.14295 -15.3343  -29.377 -3.83119
559   2.26656 -0.251747  0.142995 -15.2984  -29.482   -3.818
560   2.27711 -0.251556  0.142934 -15.2094 -29.6216   -3.816
561    2.2845 -0.251213  0.143221 -15.1697 -29.7171 -3.80347
562   2.29241 -0.251196  0.143117 -15.1249 -29.8411 -3.80497
563   2.30227 -0.250579  0.143623 -14.9867 -30.0055 -3.78217
564    2.3099 -0.250179  0.144105 -14.893 -30.112 -3.7638
565   2.31779 -0.250061  0.144228 -14.8352 -30.2138 -3.75855
566   2.32738 -0.249777  0.144709 -14.6868 -30.3439 -3.73633
567   2.33469 -0.249806  0.144814 -14.6025 -30.4355 -3.73445
568   2.34367 -0.250331  0.144096  -14.477 -30.5609 -3.75956
569   2.35326 -0.250627  0.144133 -14.3418 -30.6978 -3.76084
570   2.37112 -0.251332  0.143971  -13.962 -30.9463 -3.77289
571   2.38779 -0.251524  0.144152  -13.585 -31.1753 -3.76904
572   2.40428 -0.251782   0.14466 -13.2232 -31.3791 -3.75648
573   2.41969 -0.251313  0.146198 -12.8547 -31.5729 -3.69979
574  2.43491 -0.25106 0.147089 -12.5021 -31.7566  -3.6675
575   2.46888 -0.251204  0.147192 -11.5709  -32.159 -3.66584
576   2.52355 -0.251361  0.147403 -9.96547 -32.7438 -3.66108
577   2.61043 -0.251635  0.147579 -7.27105 -33.4917 -3.65788
578   2.73712 -0.251835  0.147156 -3.18427 -34.1777 -3.66821
579   2.92061 -0.252443  0.147409  2.85063 -34.2155  -3.6638
580   3.03487 -0.251836  0.148032   6.5491 -33.6934 -3.63359
581 0.0305487   -2.8899   -2.9939  10.7949 -32.5308   -3.642
582 0.123428 -2.88892 -2.99363  13.5529 -31.4241 -3.64285
583 0.283957 -2.88884 -2.99392  18.0917 -28.9058 -3.65316
584  0.41618  -2.8887 -2.99342  21.5165 -26.3081  -3.6372
585  0.52588 -2.88941 -2.99126  24.0917 -23.8197 -3.56295
586 0.623013 -2.88961 -2.99064  26.0943 -21.3859 -3.53941
587 0.714447 -2.89006 -2.99042  27.7149 -18.9273 -3.52541
588 0.714447 -2.89006 -2.99042  27.7149 -18.9273 -3.52541
589 0.715995 -2.89008 -2.99055  27.7263 -18.8857 -3.53042
590 0.721378 -2.88964 -2.98981  27.7396 -18.7448 -3.50751
591 0.724828 -2.88978  -2.9891  27.6693 -18.6609  -3.4852
592 0.730562 -2.88979 -2.98869  27.6235 -18.5043 -3.46573
593  0.73546 -2.89035 -2.98927  27.6364 -18.3614 -3.48004
594 0.740223 -2.89084 -2.98854  27.5808 -18.2429 -3.45192
595 0.743014 -2.89154 -2.98663  27.5458  -18.179 -3.38075
596 0.744993 -2.89234 -2.98602   27.472 -18.1315  -3.3578
597 0.748189 -2.89319 -2.98574  27.4583 -18.0528 -3.34559
598 0.753771 -2.89296 -2.98611  27.4347 -17.9167 -3.35796
599 0.761075 -2.89264 -2.98583  27.4384  -17.716 -3.35039
600 0.766139 -2.89218 -2.98565  27.4244 -17.5738 -3.34507
601 0.771434 -2.89251 -2.98576    27.41 -17.4239 -3.34498
602 0.775885 -2.89312 -2.98539  27.3702 -17.3033  -3.3312
603 0.778637 -2.89606 -2.98605  27.3766   -17.24 -3.33472
604 0.784129 -2.89553 -2.98567  27.3441 -17.1094 -3.32368
605 0.776764  -2.8971  -2.9841  27.2027 -17.3085 -3.26362
606 0.769506 -2.89731 -2.98361  26.9592 -17.5041 -3.24645
607 0.762234 -2.89739 -2.98372  26.7541 -17.7011 -3.25056
608 0.751137 -2.89721 -2.98403  26.4431 -17.9822 -3.25734
609 0.751137 -2.89721 -2.98403  26.4431 -17.9822 -3.25734
610 0.747101  -2.8971 -2.98412  26.3393 -18.0785 -3.26222
611 0.737018 -2.89746 -2.98399  26.0727 -18.3371 -3.25454
612 0.727667 -2.89788 -2.98448  25.7907 -18.5514 -3.26685
613 0.726932 -2.89809 -2.98451  25.6592 -18.5489 -3.26204
614 0.731052 -2.89917 -2.98463  25.6376 -18.4101 -3.26073
615 0.734352 -2.89991 -2.98503  25.6281 -18.3248 -3.26824
616 0.753941 -2.90017 -2.98531 25.8194  -17.81 -3.2793
617 0.774903  -2.9009 -2.98568  26.0248 -17.2449 -3.28718
618 0.788655 -2.90138 -2.98582  26.1264 -16.8642 -3.29219
619 0.788395 -2.90183 -2.98504  25.9593 -16.8639 -3.25937
620 0.771904 -2.90267 -2.98536  25.5465 -17.2841 -3.26242
621 0.749683  -2.9028 -2.98555  25.0681 -17.8286 -3.26876
622 0.709118  -2.9032 -2.98603   24.212  -18.804 -3.28193
623  0.66625 -2.90358  -2.9859  23.2534 -19.7994 -3.27547
624 0.630043 -2.90385 -2.98567   22.394 -20.5919 -3.26397
625 0.603411  -2.9039 -2.98581  21.7132 -21.1331 -3.26481
626 0.595107 -2.90452 -2.98641  21.4527 -21.2668 -3.28177
627  0.59374 -2.90514 -2.98571  21.2771 -21.3017 -3.25276
628 0.595602 -2.90512  -2.9864  21.2275  -21.218 -3.27721
629 0.595975 -2.90583 -2.98644  21.1142 -21.2047 -3.27224
630 0.604284 -2.90652 -2.98549  21.1408 -21.0169 -3.23769
631 0.616536 -2.90717 -2.98455   21.199 -20.7512     -3.2
632 0.633204 -2.90798 -2.98404  21.3523 -20.3783 -3.17663
633 0.648931 -2.90861 -2.98343  21.5072 -20.0406 -3.15078
634 0.666152  -2.9086 -2.98297  21.7051 -19.6563 -3.13726
635 0.693792  -2.9097 -2.98273  22.0963 -19.0269 -3.11703
636 0.727781  -2.9097 -2.98419  22.5587 -18.2594  -3.1517
637 0.775917 -2.91065 -2.98437  23.3643 -17.1298 -3.15344
638 0.823796 -2.91053 -2.98385  23.9749 -15.9731 -3.13733
639 0.872288   -2.911 -2.98308  24.5665 -14.7863  -3.1145
640 0.881226 -2.91105 -2.98225   24.488 -14.5606 -3.08965
641 0.884375 -2.91118 -2.98146  24.4008 -14.4609 -3.06305
642 0.887262 -2.91146 -2.98147  24.3345 -14.3582 -3.06291
643 0.879483 -2.91177 -2.98138  24.1141 -14.5096 -3.05765
644 0.851781 -2.91155 -2.98068  23.5572 -15.1499  -3.0403
645 0.827597 -2.91199 -2.98013  23.0047 -15.7146 -3.02175
646 0.810974 -2.91268 -2.97982  22.5472 -16.0861 -3.00818
647  0.80456 -2.91279 -2.97973   22.322 -16.2022 -3.00659
648 0.802804 -2.91316 -2.97942   22.141 -16.2165 -2.99837
649 0.807743 -2.91389 -2.97937  22.0856 -16.1069 -2.99439
650 0.819438  -2.9138  -2.9791  22.1017  -15.839 -2.98632
651 0.829721 -2.91407 -2.97926  22.0721 -15.6013 -2.98873
652  0.83974 -2.91405 -2.97932  22.0476  -15.362 -2.98902
653 0.846441 -2.91409 -2.97932  21.9387 -15.1858 -2.98813
654 0.860839 -2.91477 -2.97898  22.0068 -14.8517 -2.97944
655 0.876003  -2.9156 -2.97783  22.1845 -14.4355  -2.9544
656 0.883023 -2.91455 -2.97814  22.1367 -14.2595 -2.96282
657 0.894881 -2.91422 -2.97824  22.1606  -13.984 -2.96532
658  0.89791 -2.91631 -2.97762 22.0185 -13.951 -2.9383
659 0.905804 -2.91689 -2.97688  21.9588 -13.7906 -2.91443
660 0.915959 -2.91629 -2.97616  21.9533 -13.5448 -2.89718
661 0.926016 -2.91554 -2.97654  21.9155 -13.3258 -2.90342
662 0.936889  -2.9165 -2.97576  21.9566 -13.0737 -2.88575
663 0.940487 -2.91652 -2.97536  21.9033 -12.9698 -2.87793
664   0.9501 -2.91678 -2.97486  21.8441 -12.7586 -2.86592
665 0.959587  -2.9168 -2.97484    21.83 -12.5499  -2.8635
666 0.970228 -2.91671 -2.97462  21.7822 -12.3152 -2.85424
667 0.977903 -2.91672  -2.9747  21.7446 -12.1663 -2.85533
668 0.986358 -2.91697  -2.9737  21.7196 -11.9613 -2.83443
669 0.993256 -2.91718 -2.97338  21.6251 -11.7997 -2.82471
670 0.995234 -2.91619  -2.9732  21.4968 -11.7498 -2.81544
671 0.980534 -2.91609 -2.97318  21.1874 -12.0529 -2.81374
672  0.95005 -2.91634 -2.97247  20.6865 -12.6903 -2.79661
673 0.921959 -2.91652 -2.97244  20.2133 -13.2527 -2.79542
674 0.886644 -2.91671 -2.97242  19.5948 -13.9302  -2.7931
675 0.857372 -2.91641 -2.97154  19.0395 -14.4663 -2.76956
676 0.838899 -2.91651 -2.97185   18.634 -14.8148 -2.77653
677 0.823681 -2.91652 -2.97169  18.3209 -15.0781 -2.77557
678 0.810513  -2.9165 -2.97158  18.0447 -15.2993 -2.77432
679 0.802327 -2.91683 -2.97164  17.7646 -15.4422 -2.77479
680 0.797992 -2.91719 -2.97067  17.5902 -15.5086 -2.75196
681 0.796912  -2.9175 -2.97055  17.4467 -15.5069 -2.74767
682 0.793161 -2.91741 -2.97072  17.2862 -15.5505 -2.74969
683 0.791132  -2.9178 -2.97064   17.117 -15.5723 -2.74673
684  0.79205 -2.91809 -2.97059   17.011 -15.5473 -2.74567
685 0.799633 -2.91834  -2.9706  17.0111 -15.3996 -2.74648
686 0.814188  -2.9189  -2.9707  17.0761  -15.144 -2.74703
687 0.825819 -2.91895  -2.9708  17.1003 -14.9354 -2.75202
688 0.837925 -2.91843 -2.97033  17.1549 -14.7037 -2.74244
689 0.851892 -2.91886 -2.97011  17.1975 -14.4603 -2.73813
690 0.865868  -2.9198 -2.97032  17.2521 -14.2019 -2.74506
691 0.874314 -2.92004 -2.97045  17.2493 -14.0463 -2.74921
692 0.874072 -2.92031 -2.97059  17.1079 -14.0391 -2.75203
693 0.869514 -2.92006 -2.97006  16.9273 -14.0985 -2.73927
694 0.865883 -2.91989 -2.96993  16.7885 -14.1281 -2.73749
695 0.862368 -2.92011 -2.96996  16.6271 -14.1865  -2.7345
696 0.857915 -2.92029 -2.96998  16.4595 -14.2524 -2.73659
697 0.854742  -2.9206 -2.96962  16.3104 -14.3023 -2.72731
698 0.851671 -2.92099 -2.96978   16.153 -14.3493 -2.73031
699 0.848753  -2.9216 -2.96919  16.0025 -14.3911 -2.71616
700  0.84639 -2.92191 -2.96888   15.872 -14.4218 -2.71131
701 0.843901 -2.92229 -2.96824  15.7429 -14.4586 -2.69935
702 0.841636 -2.92188 -2.96851  15.5958 -14.4969 -2.70207
703  0.83864 -2.92233 -2.96847  15.4475 -14.5513 -2.70117
704 0.836335 -2.92308 -2.96805  15.3683 -14.5786 -2.69292
705 0.833014 -2.92302 -2.96777  15.2372 -14.6346 -2.68901
706 0.831617 -2.92343 -2.96788  15.1066 -14.6626 -2.69017
707 0.829966 -2.92291 -2.96775  15.0108 -14.6901 -2.68757
708 0.829966 -2.92291 -2.96775  15.0108 -14.6901 -2.68757
709 0.830223 -2.92269 -2.96721  15.0005 -14.6891 -2.67589
710 0.827717 -2.92198 -2.96696  14.8779 -14.7192 -2.67401
711 0.825276 -2.92245 -2.96683   14.746  -14.751 -2.66944
712  0.82136 -2.92206 -2.96618   14.614 -14.8011 -2.65659
713 0.819103 -2.92252  -2.9656  14.4918 -14.8391  -2.6442
714 0.817569 -2.92201 -2.96539  14.3915 -14.8616 -2.64143
715  0.81523 -2.92199 -2.96494  14.3003 -14.8902 -2.63474
716 0.813413 -2.92228 -2.96465  14.2211 -14.9166 -2.63062
717 0.808754 -2.92196 -2.96461  14.0894 -14.9794 -2.63208
718 0.805576 -2.92167 -2.96391  13.9267 -15.0173 -2.61599
719 0.800812 -2.92201 -2.96336  13.7785 -15.0753 -2.60314
720 0.790737  -2.9213 -2.96089  13.3655 -15.1926 -2.55585
721 0.786988 -2.92179 -2.96081  13.2106 -15.2463 -2.55016
722 0.783307 -2.92202 -2.96054  13.0768 -15.3025 -2.54693
723  0.77867 -2.92303 -2.96108  12.9032  -15.368 -2.55494
724  0.77503 -2.92336  -2.9612  12.6977 -15.4052 -2.55318
725 0.768255 -2.92306 -2.96082    12.46 -15.4847 -2.54425
726 0.764145 -2.92286 -2.96003  12.3047 -15.5123  -2.5312
727 0.756265 -2.92302  -2.9594  12.1024 -15.5954 -2.51291
728 0.755669 -2.92359 -2.96065  12.0026  -15.555 -2.53203
729 0.751035 -2.92327 -2.96016  11.8478 -15.6069 -2.52124
730 0.747316 -2.92388 -2.96025  11.7087 -15.6451 -2.52357
731 0.745445 -2.92494   -2.961  11.6343 -15.6481 -2.54105
732 0.744322 -2.92516 -2.96073  11.5591 -15.6573 -2.53996
733 0.744323 -2.92516 -2.96073  11.5591 -15.6573 -2.53996
734 0.741345 -2.92521  -2.9611  11.6133 -15.7169 -2.54574
735 0.747309 -2.92451 -2.96044  11.5952 -15.6498 -2.52918
736 0.755206 -2.92449 -2.96038  11.5865 -15.5491 -2.52175
737  0.76445 -2.92481 -2.95965  11.5835 -15.4271 -2.50909
738 0.773634  -2.9247 -2.96023  11.6168 -15.3094 -2.51967
739 0.784772 -2.92487 -2.96092  11.6546 -15.1693 -2.52854
740 0.796476 -2.92553 -2.96087  11.6848 -15.0158 -2.52873
741 0.806994 -2.92619  -2.9612  11.6946 -14.8825 -2.53488
742 0.819409 -2.92631 -2.96085  11.7669 -14.7303 -2.52765
743 0.830698  -2.9265 -2.96012  11.8039 -14.5869 -2.51398
744 0.842133 -2.92666 -2.95976  11.8623 -14.4345 -2.50537
745 0.854537 -2.92665 -2.95941  11.9502 -14.2829 -2.49772
746 0.867034 -2.92733 -2.95919   12.043 -14.1291 -2.49001
747  0.87716 -2.92729 -2.95908  12.1439 -14.0002 -2.48801
748 0.888647 -2.92703 -2.95904  12.2423 -13.8453 -2.48849
749 0.899142 -2.92716 -2.95815  12.3345 -13.7235 -2.47173
750 0.904903  -2.9274 -2.95744  12.3775 -13.6514 -2.45189
751 0.887827 -2.92816 -2.95483  12.0228 -13.8531 -2.38509
752 0.856221 -2.92886 -2.95364  11.3824 -14.2087 -2.36342
753  0.84115 -2.93084 -2.95276  11.0156 -14.3678 -2.35623
754 0.832358 -2.93113 -2.95135  10.7775 -14.4527 -2.32876
755 0.828504 -2.93108 -2.95025   10.626 -14.4864 -2.30637
756 0.822834 -2.93109 -2.94812  10.4298 -14.5483 -2.24041
757 0.820167 -2.93125 -2.94699  10.2613 -14.5794 -2.20772
758 0.835799 -2.93215 -2.94595  10.2982 -14.4347 -2.18141
759 0.852894 -2.93242 -2.94556  10.2968 -14.2749 -2.16799
760 0.868674 -2.93264 -2.94592  10.3183 -14.1154 -2.16888
761 0.887034 -2.93218 -2.94691  10.3921 -13.9317 -2.17383
762  0.90711  -2.9323 -2.94581  10.5377 -13.7403 -2.14853
763 0.923238 -2.93243 -2.94594  10.6521 -13.5724 -2.14934
764 0.931257 -2.93254 -2.94601  10.6847 -13.5104 -2.14678
765 0.935535 -2.93177 -2.94604  10.7245 -13.4791 -2.13533
766 0.936336 -2.93066 -2.94826   10.723 -13.4757 -2.16647
767 0.936575  -2.9307  -2.9484  10.7239 -13.4729  -2.1694
768 0.937422 -2.93083 -2.94969  10.7236 -13.4735 -2.19801
769 0.937204 -2.93111 -2.95051  10.6941 -13.4826 -2.22083
770 0.938998 -2.93077  -2.9521  10.6936 -13.4711 -2.24638
771 0.940036 -2.93064 -2.95268  10.6737 -13.4544 -2.25939
772 0.942081 -2.93082 -2.95421  10.6649 -13.4268 -2.28725
773 0.945914 -2.93199 -2.95886  10.6366 -13.3755 -2.37384
774 0.962886 -2.94759 -2.98579 10.6978 -13.184  -2.885
775 0.965207   -2.951 -2.99353  10.6411 -13.1539 -3.02729
